=== MONTHLY: XAUUSD 2015-01 -> 2026-01 | live preset, risk 0.3%/trade, spread 0.44, compounding ===
Rules: NO equity floors (per-trade risk sizing only)

year     Jan    Feb    Mar    Apr    May    Jun    Jul    Aug    Sep    Oct    Nov    Dec    YEAR  trades
2015   +1.77  -1.32  -0.63  -0.10  -0.35  -0.15  -1.39  -0.69  -1.41  +0.83  -0.75  -1.02   -5.13     163
2016   -0.75  +2.50  -1.02  +1.63  -0.79  +0.07  -0.92  +0.13  -1.09  +0.39  +0.89  -0.54   +0.43     203
2017   -0.56  -1.13  +0.42  +0.14  +0.06  +0.54  +0.50  -0.39  -0.29  -0.23  -1.07  -0.29   -2.29     115
2018   -0.34  +0.32  -0.64  -1.23  -0.57  +0.64  -0.07  +0.16  -0.17  +0.51  -0.46  -0.62   -2.46      92
2019   -0.22  -1.06  -0.16  -0.03  -0.04  +1.21  +0.48  -0.26  -0.32  -0.88  +0.05  +0.66   -0.59     148
2020   -0.04  +1.48  +2.11  +0.69  -1.48  -1.13  +2.55  +2.99  +0.59  -1.40  +0.67  -1.39   +5.64     228
2021   +0.29  +1.96  -0.44  +0.12  +0.12  +0.96  -1.37  -0.97  +0.06  -0.10  +0.61  +0.10   +1.31     164
2022   -0.53  +2.08  -0.80  -0.17  +1.01  -0.22  +2.28  -0.54  -0.88  +1.14  -0.24  -0.87   +2.21     191
2023   -1.16  -0.14  +0.71  -1.43  +0.40  -1.20  -1.08  -0.28  +0.78  +0.59  +0.98  +0.83   -1.04     156
2024   -1.14  -0.22  +1.84  +0.57  +0.13  +0.45  +0.45  -1.44  +0.78  -0.15  +1.64  +0.08   +2.98     161
2025   -0.79  -0.69  +1.07  +0.45  +0.80  -1.07  +0.35  -0.31  +1.70  +1.41  -0.51  +1.47   +3.90     186
2026   +0.99                                                                                +0.99      22

months=133  positive=62 (47%)  avg=+0.05%/month
best 2020-08 +2.99%  |  worst 2020-05 -1.48%  |  longest losing streak 8 months
total +5.58%  (100,000 -> 105,578.54)  |  max drawdown 12.78%  |  1829 trades, WR 38%, PF 1.03

CSV -> D:\ClaudeTrading_FTMO\reports\monthly_env-none_2015_2026.csv
