STRATEGY LAB — XAUUSD 2004-06 -> 2026-01, clock-aligned TFs, spread 0.44 + slip 0.05, risk 0.3%/trade, no prop rules
Ranked by: eras with positive avgR (of 4), then avgR. t = avgR / std-error (|t| < 2 = not distinguishable from luck).

name                                         n   /yr   WR%    avgR     t    PF  E1 04-10  E2 11-15  E3 16-20  E4 21-26  eras+   yrs+  CAGR%   DD%
-------------------------------------------------------------------------------------------------------------------------------------------------
style:turtle_20_10_D1_longonly              93     4    44  +0.580   2.2  2.42    +0.582    +0.046    +0.657    +0.936    4/4    7/9  +0.75   1.9
style:turtle_55_20_D1                       86     4    34  +0.523   1.7  1.93    +0.440    +0.079    +0.413    +1.347    4/4    3/8  +0.63   2.5
solo:breakout_sr@H4                       1441    67    37  +0.133   3.3  1.20    +0.130    +0.087    +0.154    +0.164    4/4  16/23  +2.63   8.1
solo:donchian_breakout@H4                 1229    57    36  +0.114   2.6  1.17    +0.055    +0.146    +0.129    +0.145    4/4  15/23  +1.90   7.5
solo:roc_momentum@H4                      1861    86    35  +0.092   2.6  1.14    +0.091    +0.107    +0.111    +0.062    4/4  15/23  +2.31  12.0
solo:bollinger_squeeze_breakout@H4        1002    46    36  +0.089   1.8  1.13    +0.058    +0.132    +0.062    +0.114    4/4  14/22  +1.20  11.9
style:donchian_trend_H4                   1045    48    40  +0.086   2.6  1.27    +0.060    +0.091    +0.111    +0.090    4/4  15/22  +1.23   2.9
style:keltner_trend_H4                     806    37    41  +0.078   2.0  1.24    +0.035    +0.070    +0.156    +0.074    4/4  14/22  +0.85   3.4
style:ema_20_50_H4_trail                  1459    68    37  +0.069   2.5  1.21    +0.069    +0.066    +0.025    +0.112    4/4  17/22  +1.36   4.5
solo:roc_momentum@H1                      3054   141    34  +0.059   2.1  1.09    +0.032    +0.081    +0.072    +0.080    4/4  17/23  +2.38  16.1
solo:donchian_breakout@H1                 4580   212    34  +0.052   2.2  1.07    +0.059    +0.117    +0.028    +0.006    4/4  15/23  +3.14  21.6
bot:live_robust4                          4000   185    38  +0.032   1.4  1.05    +0.055    +0.011    +0.005    +0.041    4/4  16/23  +1.63  16.1
bot:trend6                                6047   280    39  +0.028   1.5  1.04    +0.035    +0.008    +0.016    +0.051    4/4  14/23  +2.13  14.1
style:ma_50_200_D1                          46     2    22  +1.081   1.3  2.54    +0.771    +0.427    -0.509    +2.593    3/4    3/5  +0.67   2.7
style:tsmom_12m_monthly                    137     7    51  +0.131   1.7  1.44    +0.253    +0.206    -0.093    +0.157    3/4  12/20  +0.26   2.3
style:turtle_20_10_D1                      174     8    32  +0.119   0.8  1.23    -0.018    +0.154    +0.107    +0.276    3/4  11/21  +0.28   3.9
solo:macd_trend@H4                        1511    70    34  +0.031   0.8  1.04    +0.084    +0.077    +0.028    -0.080    3/4  13/23  +0.58  18.4
style:donchian_trend_H1                   4129   191    37  +0.016   0.9  1.04    +0.013    +0.059    -0.034    +0.027    3/4  13/23  +0.80  21.3
solo:bollinger_squeeze_breakout@H1        4172   193    33  -0.013  -0.6  0.98    -0.115    +0.033    +0.064    +0.006    3/4  11/23  -0.97  42.1
solo:ema_cross_momentum@H4                 896    42    35  +0.067   1.3  1.10    +0.183    -0.005    -0.041    +0.111    2/4  12/22  +0.79  11.2
solo:breakout_sr@H1                       5646   261    34  +0.025   1.2  1.04    +0.033    +0.090    -0.005    -0.014    2/4  17/23  +1.72  26.1
solo:ema_cross_momentum@H1                3281   152    33  +0.007   0.3  1.01    -0.017    +0.045    -0.041    +0.050    2/4  15/23  +0.16  23.8
style:rsi2_connors_D1                      211    10    62  +0.004   0.1  1.02    +0.117    -0.024    -0.098    +0.008    2/4  12/21  +0.01   3.4
solo:roc_momentum@M30                     2991   138    33  -0.005  -0.2  0.99    -0.032    -0.006    +0.023    +0.043    2/4   9/23  -0.35  23.4
solo:fair_value_gap@H4                    1549    72    32  -0.005  -0.1  0.99    +0.044    -0.033    -0.081    +0.044    2/4  11/22  -0.19  21.3
bot:all13_loose                          11013   509    37  -0.013  -0.9  0.98    -0.060    -0.005    -0.029    +0.057    1/4  11/23  -2.55  66.4
solo:fair_value_gap@H1                    4794   222    33  -0.013  -0.6  0.98    -0.054    -0.025    -0.005    +0.033    1/4   9/22  -1.08  43.4
solo:macd_trend@H1                        5507   255    32  -0.028  -1.4  0.96    -0.077    +0.014    -0.024    -0.007    1/4   9/23  -2.38  53.1
solo:rsi_reversal@H4                      2049    95    32  -0.042  -1.3  0.94    -0.063    -0.062    +0.003    -0.041    1/4   7/23  -1.29  28.0
bot:vote_all13                            8734   404    34  -0.064  -3.9  0.91    -0.138    -0.030    -0.079    +0.010    1/4   5/23  -7.89  85.9
solo:macd_trend@M30                       9369   433    31  -0.087  -5.5  0.89    -0.159    -0.102    -0.108    +0.032    1/4   5/23 -11.14  94.2
solo:fair_value_gap@M30                   9333   432    31  -0.103  -6.4  0.87    -0.168    -0.076    -0.142    +0.003    1/4   3/22 -12.92  96.0
solo:donchian_breakout@M30                8928   413    32  -0.041  -2.5  0.95    -0.080    -0.012    -0.026    -0.033    0/4   4/23  -5.37  71.2
solo:breakout_sr@M30                     10839   501    32  -0.053  -3.5  0.93    -0.080    -0.023    -0.053    -0.045    0/4   5/23  -8.12  85.6
style:asian_breakout_M15                  4404   204    41  -0.064  -3.8  0.88    -0.117    -0.014    -0.076    -0.034    0/4   6/23  -3.96  60.9
bot:smc3                                  7103   328    36  -0.071  -4.0  0.90    -0.104    -0.042    -0.069    -0.062    0/4   4/23  -7.07  79.8
solo:liquidity_sweep_reversal@H1          7204   333    31  -0.077  -4.2  0.90    -0.052    -0.017    -0.129    -0.101    0/4   5/23  -7.76  84.0
solo:liquidity_sweep_reversal@H4          2225   103    31  -0.078  -2.5  0.89    -0.040    -0.002    -0.138    -0.127    0/4   7/23  -2.50  44.2
solo:order_block_retest@H4                3217   149    30  -0.082  -3.1  0.89    -0.138    -0.032    -0.077    -0.059    0/4   3/23  -3.74  56.6
solo:keltner_reversion@H4                 2347   109    30  -0.085  -2.8  0.88    -0.099    -0.097    -0.108    -0.033    0/4   8/23  -2.85  48.3
solo:ema_cross_momentum@M30               6156   285    30  -0.101  -5.1  0.87    -0.133    -0.051    -0.130    -0.083    0/4   4/23  -8.54  86.9
bot:revert4                              14324   662    35  -0.103  -8.5  0.85    -0.149    -0.049    -0.119    -0.078    0/4   2/23 -19.01  99.0
solo:pivot_bounce@H1                      6976   323    30  -0.104  -5.7  0.86    -0.107    -0.027    -0.192    -0.084    0/4   6/23  -9.87  89.9
solo:rsi_reversal@M30                    12168   563    30  -0.107  -7.7  0.86    -0.127    -0.094    -0.144    -0.058    0/4   0/23 -17.00  98.3
solo:pivot_bounce@H4                      2200   102    29  -0.108  -3.4  0.85    -0.095    -0.068    -0.135    -0.139    0/4   5/23  -3.34  55.4
solo:keltner_reversion@H1                 9061   419    30  -0.113  -6.9  0.86    -0.189    -0.072    -0.155    -0.002    0/4   3/23 -13.59  96.1
solo:order_block_retest@H1               10272   475    30  -0.116  -7.6  0.85    -0.147    -0.040    -0.179    -0.088    0/4   1/23 -15.69  97.7
solo:rsi_reversal@H1                      7293   337    29  -0.118  -6.7  0.85    -0.157    -0.101    -0.155    -0.048    0/4   1/23 -11.56  93.5
solo:bollinger_squeeze_breakout@M30       7522   348    30  -0.123  -6.8  0.85    -0.233    -0.080    -0.075    -0.074    0/4   5/23 -12.38  95.0
solo:pivot_bounce@M30                    12494   578    30  -0.129  -9.3  0.84    -0.161    -0.057    -0.202    -0.081    0/4   3/23 -20.51  99.4
solo:liquidity_sweep_reversal@M30        14508   671    31  -0.136 -10.3  0.83    -0.167    -0.075    -0.178    -0.118    0/4   2/23 -24.53  99.8
solo:bollinger_reversion@H1               9198   425    30  -0.139  -8.6  0.83    -0.177    -0.144    -0.165    -0.060    0/4   1/23 -16.62  98.1
style:bollinger_fade_H1                   8815   408    43  -0.147 -12.3  0.75    -0.197    -0.115    -0.187    -0.072    0/4   1/23 -16.61  98.1
solo:order_block_retest@M30              18233   843    30  -0.156 -13.3  0.81    -0.191    -0.143    -0.178    -0.105    0/4   1/23 -33.17 100.0
solo:bollinger_reversion@H4               2255   104    28  -0.158  -5.1  0.79    -0.219    -0.128    -0.188    -0.080    0/4   5/23  -4.93  68.2
solo:keltner_reversion@M30               16209   750    29  -0.181 -14.7  0.78    -0.271    -0.132    -0.200    -0.082    0/4   0/23 -33.95 100.0
solo:bollinger_reversion@M30             17510   810    29  -0.187 -15.7  0.78    -0.239    -0.172    -0.210    -0.116    0/4   0/23 -37.04 100.0
style:scalp_pullback_M15                 29361  1357    38  -0.397  -9.4  0.48    -0.654    -0.281    -0.346    -0.229    0/4   0/23-100.00 100.0

BENCHMARK buy & hold gold: total +1173.0%  CAGR +12.48%  maxDD 44.6%  eras: E1 04-10 +266.6%, E2 11-15 -25.0%, E3 16-20 +76.2%, E4 21-26 +151.6%

